Z-Disp (V),Z-Load (V),Time (s),Z-Amp (V),Z-Pha (Dg),Z-Excite,X-Disp (V),X-Load (V),Y-Disp (V),Y-Load (V),X-Amp (V),X-Pha (Dg),X-Exc (V),Y-Amp (V),Y-Pha (Dg),Y-Exc (V)
41314.8964888,44.8055477142,0,.0002405,-179.7,0,41285.6507458,44.9447870255,41286.0676276,44.8467514515,.0004626,-20.8,1109,.00029455,131.91,0
41314.9248833,44.8053588867,6732.385,.00010775,170.64,0,41285.647908,44.9447870255,41286.0642747,44.8467514515,.0005525,-13.79,1055,.00032295,151.27,0
41314.9280142,44.8053395748,6732.8,.0001712,157.66,0,41285.647607,44.9447870255,41286.0637822,44.8467514515,.0005667,-27.5,1083,.00033135,148.96,0
41314.9310112,44.8053202629,6733.205,.0001976,166.61,0,41285.6473317,44.9447870255,41286.0635411,44.8467514515,.0007027,-18.08,1044,.0003755,152.79,0
41314.9339796,44.8053010702,6733.62,.000144,146.52,0,41285.6470493,44.9447870255,41286.0631863,44.8467514515,.0005401,-12.55,1063,.0003056,159.06,0
41314.9371413,44.8052814007,6734.035,.00021485,139.29,0,41285.6467006,44.9447870255,41286.0629742,44.8467514515,.0005952,-31.22,1086,.0003569,150.69,0
41314.9401881,44.8052618504,6734.455,.000204,169.08,0,41285.6463806,44.9447870255,41286.0627245,44.8467514515,.0006859,-16.34,1048,.00034805,160.96,0
41314.9431236,44.8052425385,6734.865,.0001623,166.61,0,41285.6460808,44.9447870255,41286.0624361,44.8467514515,.0005066,-15.17,1078,.00023545,160.1,0
41314.9462436,44.8052232265,6735.275,.00020535,143.62,0,41285.6457895,44.9447870255,41286.0619873,44.8467514515,.0006719,-29.2,1067,.00044165,151.63,0
41314.9494801,44.8052031994,6735.7,.000229,162.91,0,41285.6455116,44.9447870255,41286.0618092,44.8467514515,.0006424,-11.65,1039,.0002841,168.89,0
41314.9524246,44.8051843643,6736.105,.00016495,160.12,0,41285.6451631,44.9447870255,41286.0615974,44.8467514515,.0004616,-17.61,1082,.0002561,123.32,0
41314.9556241,44.8051644564,6736.525,.000201,145.05,0,41285.6448697,44.9447870255,41286.061028,44.8467514515,.0006785,-28.18,1061,.0003102,149.12,0
41314.9587245,44.805144906,6736.945,.0002213,168,0,41285.6446017,44.9447870255,41286.0607826,44.8467514515,.0006396,-10.63,1043,.0003165,154.85,0
41314.9616898,44.8051258326,6737.35,.00019595,155.61,0,41285.6443822,44.9447870255,41286.0604245,44.8467514515,.0004708,-22.76,1099,.0002689,146.17,0
41314.9647235,44.8051066399,6737.76,.00022,160.31,0,41285.6440778,44.9447870255,41286.0601498,44.8467514515,.0007145,-22.58,1063,.00033315,151.77,0
41314.9677901,44.805087328,6738.175,.0002019,169.38,0,41285.6437598,44.9447870255,41286.0598358,44.8467514515,.0005991,-6.87,1058,.0003337,171.73,0
41314.9709149,44.8050680161,6738.585,.0002159,153.38,0,41285.6435321,44.9447870255,41286.0594885,44.8467514515,.0005144,-22.84,1095,.0002949,142.4,0
41314.9739771,44.8050487041,6738.995,.00025675,153.08,0,41285.6432375,44.9447870255,41286.0590509,44.8467514515,.0007152,-23.16,1059,.00040275,149.28,0
41314.9771178,44.8050289154,6739.415,.000184,172.61,0,41285.6429303,44.9447870255,41286.0587424,44.8467514515,.0005527,-11.99,1068,.00019985,159.57,0
41314.9801176,44.8050096035,6739.83,.00017345,148.8,0,41285.6425691,44.9447870255,41286.0583646,44.8467514515,.0005798,-30.55,1092,.0003911,149.62,0
41314.9831062,44.8049902916,6740.24,.0002483,166.39,0,41285.6422923,44.9447870255,41286.0580658,44.8467514515,.0007274,-16.68,1045,.0003385,162.46,0
41314.986127,44.8049707413,6740.655,.0002279,155.4,0,41285.642041,44.9447870255,41286.057606,44.8467514515,.0005414,-10.06,1057,.00021905,142.14,0
41314.9891251,44.8049511909,6741.07,.0002431,152.89,0,41285.6416939,44.9447870255,41286.0575131,44.8467514515,.0005999,-27.73,1077,.0003845,155.01,0
41314.9921391,44.804931879,6741.485,.0002333,171.42,0,41285.641329,44.9447870255,41286.0572522,44.8467514515,.0006912,-16.23,1034,.0002871,150.93,0
41314.995202,44.8049125671,6741.895,.00018975,177.73,0,41285.641031,44.9447870255,41286.0569543,44.8467514515,.0004828,-11.52,1075,.00015295,143.03,0
41314.9983839,44.80489254,6742.325,.000188,144.38,0,41285.6407668,44.9447870255,41286.056507,44.8467514515,.0006422,-31.33,1073,.00031455,152.98,0
41315.0014685,44.8048731089,6742.735,.00020955,172.11,0,41285.6404848,44.9447870255,41286.05606,44.8467514515,.000639,-12.57,1048,.00032235,151.67,0
41315.0044655,44.8048539162,6743.145,.0001776,147.03,0,41285.6401672,44.9447870255,41286.0557634,44.8467514515,.0004515,-21.47,1102,.0002212,157.86,0
41315.0075754,44.8048336506,6743.575,.00021975,152.1,0,41285.6398973,44.9447870255,41286.0555385,44.8467514515,.0006943,-26.99,1058,.00031105,139.35,0
41315.0105533,44.8048138618,6744,.0001817,169.47,0,41285.6397403,44.9447870255,41286.0552246,44.8467514515,.0006042,-11.4,1047,.00033035,171.74,0
41315.0131317,44.8047940731,6744.42,.0001959,162.97,0,41285.6395009,44.9447870255,41286.054902,44.8467514515,.0005156,-24.97,1100,.00023825,129.4,0
41315.0161319,44.8047749996,6744.83,.00024675,164.14,0,41285.639281,44.9447870255,41286.0544652,44.8467514515,.0006943,-22.48,1053,.00034585,159.64,0
41315.0193472,44.804754734,6745.255,.0001931,-179.83,0,41285.6389757,44.9447870255,41286.0541081,44.8467514515,.0005724,-6.22,1048,.0002378,161.64,0
41315.0224794,44.8047353029,6745.675,.00018485,149.72,0,41285.6387111,44.9447870255,41286.0537079,44.8467514515,.000571,-29.82,1084,.0003607,133.27,0
41315.0255496,44.8047158718,6746.085,.00023905,153.33,0,41285.6383965,44.9447870255,41286.0536324,44.8467514515,.0007009,-18.73,1030,.00035675,166.98,0
41315.0285489,44.8046964407,6746.505,.0001756,176.73,0,41285.6380606,44.9447870255,41286.0533134,44.8467514515,.0004965,-7.71,1072,.00019385,162.57,0
41315.0317831,44.8046759367,6746.94,.0002055,141.16,0,41285.637709,44.9447870255,41286.0528284,44.8467514515,.0006081,-31.38,1091,.0003114,158.69,0
41315.0349619,44.804656744,6747.345,.0001912,150.8,0,41285.6375134,44.9447870255,41286.0523506,44.8467514515,.0006668,-15.44,1049,.00029385,153.77,0
41315.0380487,44.8046374321,6747.76,.0001789,154.47,0,41285.6372263,44.9447870255,41286.0520427,44.8467514515,.0004955,-18.33,1101,.0003146,142.43,0
41315.041059,44.8046181202,6748.17,.0002935,162.26,0,41285.6368896,44.9447870255,41286.0517043,44.8467514515,.0006295,-29.05,1095,.000328,152.3,0
41315.0441806,44.804598093,6748.6,.0001783,162.16,0,41285.6366046,44.9447870255,41286.0512704,44.8467514515,.0006455,-11.52,1054,.00029815,149.64,0
41315.0473698,44.8045783043,6749.015,.000141,167.04,0,41285.6362825,44.9447870255,41286.050972,44.8467514515,.0004823,-17.14,1112,.0002523,164.01,0
41315.0503653,44.8045585155,6749.435,.0002773,152.37,0,41285.6360425,44.9447870255,41286.0508009,44.8467514515,.0006961,-27.79,1085,.00026335,152.23,0
41315.0535408,44.8045387268,6749.865,.0001797,168.45,0,41285.6357318,44.9447870255,41286.0504333,44.8467514515,.0006292,-10.93,1064,.0003625,173.27,0
41315.0566669,44.8045194149,6750.27,.0001938,145.52,0,41285.6354082,44.9447870255,41286.0501477,44.8467514515,.0005143,-28.15,1120,.0002897,146.01,0
41315.0596945,44.8045003414,6750.68,.00021785,155.88,0,41285.6351534,44.9447870255,41286.049863,44.8467514515,.0007142,-23.3,1067,.00038145,159.69,0
41315.0629016,44.8044803143,6751.105,.00014855,176.71,0,41285.6348421,44.9447870255,41286.0495279,44.8467514515,.0005589,-6.14,1070,.0002236,160.95,0
41315.0661696,44.8044598103,6751.54,.00021905,149.77,0,41285.634561,44.9447870255,41286.0493222,44.8467514515,.0005502,-27.23,1110,.0002961,148.97,0
41315.0691977,44.8044409752,6751.945,.00021315,160.45,0,41285.6342133,44.9447870255,41286.0489882,44.8467514515,.0006907,-20.38,1056,.00037345,166.51,0
41315.0722644,44.8044216633,6752.355,8.585E-5,167.63,0,41285.6338879,44.9447870255,41286.048652,44.8467514515,.0005359,-8.41,1076,.000237,162.94,0
41315.0756628,44.8044013977,6752.785,.000206,149.91,0,41285.6335255,44.9447870255,41286.048197,44.8467514515,.0006245,-30.43,1091,.00038765,144.83,0
41315.0796609,44.8043819666,6753.2,.00020955,162.56,0,41285.6332475,44.9447870255,41286.0478134,44.8467514515,.0006838,-16.39,1047,.000369,168.71,0
41315.0826604,44.8043627739,6753.61,.0001582,176.41,0,41285.632906,44.9447870255,41286.0474245,44.8467514515,.0004883,-13.41,1093,.0002327,137.69,0
41315.0859297,44.8043425083,6754.045,.00026395,159.16,0,41285.6326102,44.9447870255,41286.0471344,44.8467514515,.0006396,-30.08,1089,.0003664,146.55,0
41315.0891435,44.8043227196,6754.465,.00018485,158.85,0,41285.6323155,44.9447870255,41286.0467805,44.8467514515,.0006807,-12.46,1038,.0002737,174.93,0
41315.0921265,44.8043034077,6754.875,.0002053,156.33,0,41285.632067,44.9447870255,41286.0465335,44.8467514515,.000456,-22.05,1122,.0003549,149.76,0
41315.0952713,44.8042840958,6755.285,.000269,158.93,0,41285.6317319,44.9447870255,41286.046246,44.8467514515,.0006906,-26.55,1082,.0004094,143.05,0
41315.0984309,44.8042644262,6755.705,.0002057,175.51,0,41285.6313583,44.9447870255,41286.0457935,44.8467514515,.0005876,-9.33,1064,.00025455,165.59,0
41315.1015634,44.8042442799,6756.135,.00017345,149.63,0,41285.6311279,44.9447870255,41286.0454343,44.8467514515,.0005011,-26.63,1123,.00030545,152.25,0
41315.1045923,44.8042248487,6756.55,.0002325,168.02,0,41285.6308336,44.9447870255,41286.0451404,44.8467514515,.0007267,-20.88,1066,.00031045,163.07,0
41315.1078404,44.804204464,6756.98,.0001579,166.5,0,41285.6304842,44.9447870255,41286.0447809,44.8467514515,.0005684,-7.67,1064,.00033575,168.25,0
41315.1109293,44.8041846752,6757.405,.0002068,147.26,0,41285.6301299,44.9447870255,41286.0444904,44.8467514515,.0005797,-28.74,1099,.0003067,145.28,0
41315.1140602,44.8041656017,6757.815,.00024675,160.27,0,41285.6298705,44.9447870255,41286.0441115,44.8467514515,.0007262,-18.46,1034,.0003372,151.14,0
41315.117126,44.804145813,6758.235,.0001531,165.76,0,41285.6296674,44.9447870255,41286.043732,44.8467514515,.0004846,-8.53,1075,.00028315,156.43,0
41315.1203313,44.8041250706,6758.675,.0002041,154.53,0,41285.6293474,44.9447870255,41286.0434195,44.8467514515,.0006133,-29.51,1089,.00040145,132.46,0
41315.12342,44.8041055202,6759.095,.0002092,161.14,0,41285.6289732,44.9447870255,41286.0429237,44.8467514515,.0007079,-12.96,1025,.0003236,160.74,0
41315.126546,44.8040862083,6759.505,.00015655,171.24,0,41285.6287065,44.9447870255,41286.0426057,44.8467514515,.0004835,-15.65,1090,.00020415,140.76,0
41315.1296683,44.8040661812,6759.935,.00020785,159.68,0,41285.6283984,44.9447870255,41286.0423698,44.8467514515,.0006516,-26.87,1081,.000381,146.35,0
41315.1330025,44.8040456772,6760.365,.00023035,170.57,0,41285.6280246,44.9447870255,41286.0420546,44.8467514515,.0006401,-10.29,1036,.00029925,171.2,0
41315.1360724,44.8040263653,6760.78,.000192,149.64,0,41285.6277272,44.9447870255,41286.0415181,44.8467514515,.0004996,-23.7,1092,.00028815,143.34,0
41315.1391397,44.8040072918,6761.185,.00026225,164.15,0,41285.6274417,44.9447870255,41286.0411961,44.8467514515,.000746,-25.01,1025,.00047175,159.87,0
41315.1422424,44.8039867878,6761.625,.0002035,170.66,0,41285.6271858,44.9447870255,41286.0408411,44.8467514515,.0005905,-9.41,1024,.00021885,169.31,0
41315.1454507,44.8039671183,6762.045,.00016895,154.79,0,41285.6268069,44.9447870255,41286.0406946,44.8467514515,.0005155,-26.86,1087,.00030495,152.92,0
41315.1484512,44.8039479256,6762.45,.0002532,161.18,0,41285.6265489,44.9447870255,41286.0401869,44.8467514515,.0006904,-20.43,1035,.0003622,167.57,0
41315.1517274,44.8039284945,6762.86,.00019575,179.58,0,41285.6262361,44.9447870255,41286.0399196,44.8467514515,.0005433,-7.28,1048,.0001901,124.92,0
41315.1549876,44.8039082289,6763.295,.00018335,143.02,0,41285.625894,44.9447870255,41286.0395511,44.8467514515,.0005832,-30.23,1078,.00039725,142.06,0
41315.1580392,44.8038885593,6763.715,.0002287,151.01,0,41285.6255713,44.9447870255,41286.0393091,44.8467514515,.0006997,-18.35,1028,.00034505,175.74,0
41315.1610936,44.8038692474,6764.125,.0001781,143.22,0,41285.6252631,44.9447870255,41286.0387708,44.8467514515,.0005062,-13.72,1068,.0003128,155.16,0
41315.1642017,44.8038494587,6764.555,.000235,150.96,0,41285.6249533,44.9447870255,41286.0385898,44.8467514515,.0006195,-27.75,1077,.00027055,151.14,0
41315.167289,44.8038301468,6764.96,.0001886,145.47,0,41285.6246432,44.9447870255,41286.0382948,44.8467514515,.0006574,-13.24,1044,.0003499,158.11,0
41315.1702176,44.8038108349,6765.375,.00023175,144.82,0,41285.6243736,44.9447870255,41286.0379385,44.8467514515,.0004728,-16.13,1108,.0002568,171.72,0
41315.173325,44.8037912846,6765.79,.0002476,153.54,0,41285.6240131,44.9447870255,41286.037654,44.8467514515,.0006807,-29.77,1081,.00031905,145.65,0
41315.1765094,44.803771019,6766.22,.0002053,159.3,0,41285.6236967,44.9447870255,41286.0372804,44.8467514515,.0006205,-11.23,1059,.00025645,-171.35,0
41315.1795984,44.8037514687,6766.64,.00018285,159.44,0,41285.6233917,44.9447870255,41286.0368764,44.8467514515,.0005303,-21.83,1103,.0002252,148.7,0
41315.1826901,44.8037319183,6767.055,.0001942,161.28,0,41285.6231715,44.9447870255,41286.0365567,44.8467514515,.0007028,-24.92,1069,.00051335,163.19,0
41315.1857109,44.803712368,6767.475,.000182,170.96,0,41285.6228105,44.9447870255,41286.0363145,44.8467514515,.0006084,-8.33,1052,.0002535,171.7,0
41315.1887947,44.8036929369,6767.885,.0001701,146.88,0,41285.622493,44.9447870255,41286.0359839,44.8467514515,.0005253,-28.1,1102,.0003176,140.12,0
41315.1919072,44.8036737442,6768.295,.00024415,158.24,0,41285.6222052,44.9447870255,41286.0356384,44.8467514515,.0007173,-24.17,1048,.0003273,163.86,0
41315.1949525,44.8036541939,6768.715,.0001358,178.56,0,41285.621899,44.9447870255,41286.0353952,44.8467514515,.0005404,-7.63,1068,.0001999,151.69,0
41315.1981789,44.8036336899,6769.145,.0002241,149.57,0,41285.6215195,44.9447870255,41286.0350049,44.8467514515,.0005729,-30.26,1106,.0003401,149.98,0
41315.2011899,44.803614378,6769.555,.00024735,166.22,0,41285.621284,44.9447870255,41286.0346301,44.8467514515,.0007212,-19.93,1045,.0002935,164.31,0
41315.2043301,44.8035950661,6769.975,.0001669,165.8,0,41285.6209869,44.9447870255,41286.0343503,44.8467514515,.000495,-7,1087,.0002189,134.16,0
41315.2075246,44.8035746813,6770.405,.000226,148.77,0,41285.6206816,44.9447870255,41286.033956,44.8467514515,.000618,-26.44,1095,.00031965,159.29,0
41315.2106665,44.8035552502,6770.82,.0001931,163.16,0,41285.6203917,44.9447870255,41286.0336646,44.8467514515,.000701,-14.37,1039,.00034895,173.19,0
41315.2136951,44.8035361767,6771.225,.00012995,151.51,0,41285.6200113,44.9447870255,41286.0333098,44.8467514515,.0005035,-16.48,1089,.00031365,148.33,0
41315.2167601,44.8035163879,6771.645,.00028935,157.58,0,41285.6196915,44.9447870255,41286.0329575,44.8467514515,.0006547,-26.07,1073,.00034845,148.95,0
41315.2199159,44.8034962416,6772.075,.0001605,172.03,0,41285.6194302,44.9447870255,41286.0326244,44.8467514515,.0006273,-11.16,1039,.0002939,176.02,0
41315.2230423,44.8034768105,6772.495,.00018525,139.67,0,41285.619077,44.9447870255,41286.0323216,44.8467514515,.0004856,-20.96,1099,.00023735,153.7,0
41315.2262341,44.8034570217,6772.91,.00022255,148.73,0,41285.618746,44.9447870255,41286.0319766,44.8467514515,.0007237,-25.62,1050,.0003486,148.2,0
41315.2294585,44.8034367561,6773.345,.000175,164.87,0,41285.6184225,44.9447870255,41286.0317343,44.8467514515,.0005659,-9.25,1050,.00023525,169.71,0
41315.2328224,44.8034161329,6773.78,.0002185,141.68,0,41285.6180898,44.9447870255,41286.0312019,44.8467514515,.0005577,-28.71,1096,.0002875,160.43,0
41315.2357635,44.8033967018,6774.19,.00023035,163.33,0,41285.6178215,44.9447870255,41286.0309047,44.8467514515,.0007027,-18.58,1046,.00038985,162.03,0
41315.2388773,44.8033775091,6774.605,.0001472,142.76,0,41285.6174858,44.9447870255,41286.0306813,44.8467514515,.0005404,-11.8,1068,.00020885,164.81,0
41315.242155,44.8033571243,6775.04,.00021845,160.1,0,41285.6171312,44.9447870255,41286.0302165,44.8467514515,.0005854,-30.9,1097,.00033395,137.97,0
41315.2452338,44.8033378124,6775.45,.0001634,160.09,0,41285.6168767,44.9447870255,41286.0298531,44.8467514515,.0006807,-17.21,1044,.0004027,166.88,0
41315.2481026,44.8033187389,6775.855,.00010115,155.93,0,41285.6166658,44.9447870255,41286.0295595,44.8467514515,.0005178,-13.06,1081,.00027105,161.13,0
41315.2512146,44.8032989502,6776.28,.00029385,151.3,0,41285.6163557,44.9447870255,41286.0291611,44.8467514515,.0006544,-31.7,1078,.00045595,142.39,0
41315.2544427,44.8032786846,6776.715,.00021305,174.97,0,41285.6160149,44.9447870255,41286.0287895,44.8467514515,.000649,-12.79,1038,.00028195,176.2,0
41315.2574222,44.8032594919,6777.12,.00017545,153.13,0,41285.6157236,44.9447870255,41286.028631,44.8467514515,.0004753,-14.41,1098,.00031225,146.86,0
41315.2605095,44.8032398224,6777.545,.0002303,152.09,0,41285.6153751,44.9447870255,41286.0281929,44.8467514515,.0006731,-27.6,1078,.00041015,161.03,0
41315.263674,44.8032197952,6777.965,.0001467,173.24,0,41285.615072,44.9447870255,41286.0278935,44.8467514515,.0006372,-8.12,1050,.00032155,162.65,0
41315.2667081,44.8032006025,6778.375,.0001581,139.25,0,41285.6147548,44.9447870255,41286.0275212,44.8467514515,.0004873,-24.25,1118,.000291,146.78,0
41315.26979,44.8031814098,6778.785,.00021895,160.49,0,41285.614518,44.9447870255,41286.0273276,44.8467514515,.0006971,-23.45,1072,.00032995,147.65,0
41315.2728906,44.8031618595,6779.205,.00016945,162.91,0,41285.6142262,44.9447870255,41286.0270532,44.8467514515,.0005803,-7.62,1067,.00043335,158.38,0
41315.2760471,44.8031418324,6779.625,.00018555,153.48,0,41285.6137955,44.9447870255,41286.0266391,44.8467514515,.0005372,-25.62,1106,.00032185,155.1,0
41315.2790387,44.8031229973,6780.03,.00024135,159.27,0,41285.6135388,44.9447870255,41286.0261652,44.8467514515,.0007265,-21.04,1051,.00041965,164.26,0
41315.2822264,44.8031032085,6780.455,.0001855,160.06,0,41285.6132608,44.9447870255,41286.0258353,44.8467514515,.0005314,-8.66,1071,.00025705,174.45,0
41315.2855446,44.8030827045,6780.89,.00022895,153.63,0,41285.6129932,44.9447870255,41286.0254333,44.8467514515,.0005887,-33.93,1104,.00030875,122.62,0
41315.2885863,44.8030629158,6781.31,.0002419,152.85,0,41285.6126781,44.9447870255,41286.025118,44.8467514515,.0007034,-15.21,1041,.0003571,170.92,0
41315.2916327,44.8030436039,6781.725,.00016075,162.38,0,41285.6123297,44.9447870255,41286.0248576,44.8467514515,.0005202,-14.62,1082,.00029375,151.83,0
41315.2947733,44.8030235767,6782.15,.0002182,141.73,0,41285.6120372,44.9447870255,41286.0244093,44.8467514515,.0006393,-27.91,1077,.00035345,150.6,0
41315.2979903,44.8030034304,6782.575,.0001759,164.18,0,41285.6117503,44.9447870255,41286.0239569,44.8467514515,.0006525,-13.05,1036,.0003001,168.88,0
41315.3010278,44.8029842377,6782.985,.00018365,155.61,0,41285.6114519,44.9447870255,41286.0236763,44.8467514515,.0005137,-19.19,1083,.00029015,137.2,0
41315.30423,44.8029646873,6783.405,.0002181,156.35,0,41285.6111177,44.9447870255,41286.0234637,44.8467514515,.0006746,-25.35,1057,.0003972,154.94,0
41315.3074782,44.8029444218,6783.835,.0002078,165.51,0,41285.6108519,44.9447870255,41286.0231641,44.8467514515,.000629,-10.34,1026,.00028195,163.14,0
41315.3105446,44.802924633,6784.255,.00016525,153.06,0,41285.6104836,44.9447870255,41286.0229408,44.8467514515,.0004987,-22.12,1084,.0003041,159.28,0
41315.3136868,44.8029054403,6784.665,.00024275,159.04,0,41285.6101718,44.9447870255,41286.0224612,44.8467514515,.0007172,-23.25,1035,.00046315,169.74,0
41315.316906,44.8028850555,6785.095,.00014115,-171.41,0,41285.6099599,44.9447870255,41286.0221336,44.8467514515,.0005388,-8.04,1050,.00030325,153.96,0
41315.3200514,44.8028650284,6785.52,.00017715,140.95,0,41285.6096666,44.9447870255,41286.0219269,44.8467514515,.0005618,-28.42,1086,.00028055,147.16,0
41315.3231364,44.8028459549,6785.93,.00025275,169.56,0,41285.6093037,44.9447870255,41286.0216333,44.8467514515,.0006852,-18.56,1037,.0002828,150.62,0
41315.3260001,44.8028267622,6786.34,.0001452,160.81,0,41285.6090295,44.9447870255,41286.0213303,44.8467514515,.0004965,-8.16,1076,.0002247,161.05,0
41315.3293327,44.8028063774,6786.775,.0002818,152.11,0,41285.6087236,44.9447870255,41286.02076,44.8467514515,.0006298,-30.2,1087,.0003449,146.52,0
41315.3326381,44.8027863503,6787.205,.00024605,175.27,0,41285.6083194,44.9447870255,41286.0205911,44.8467514515,.0007043,-14.19,1033,.00024615,158.99,0
41315.3357599,44.8027670383,6787.61,.00013585,156.06,0,41285.6080498,44.9447870255,41286.0201563,44.8467514515,.0004857,-13.5,1088,.00033485,164.53,0
41315.3389989,44.8027467728,6788.045,.0002252,149.51,0,41285.6077753,44.9447870255,41286.0197548,44.8467514515,.0006615,-31.18,1076,.00034165,154.14,0
41315.3421906,44.802726984,6788.475,.0002027,160.84,0,41285.6074168,44.9447870255,41286.019505,44.8467514515,.0006581,-11.82,1034,.00035505,167.79,0
41315.3453743,44.8027074337,6788.88,.0001592,168.23,0,41285.6071068,44.9447870255,41286.0191626,44.8467514515,.0004858,-17.83,1095,.00028555,144.05,0
41315.3484694,44.8026883602,6789.295,.0002615,155.6,0,41285.6068594,44.9447870255,41286.0188986,44.8467514515,.0007058,-25.83,1053,.0004013,147.44,0
41315.3516676,44.8026683331,6789.715,.00015995,171.57,0,41285.6065105,44.9447870255,41286.0185161,44.8467514515,.0005704,-12.2,1054,.00024955,168.93,0
41315.3549332,44.8026483059,6790.14,.00015995,149.14,0,41285.6061641,44.9447870255,41286.0182137,44.8467514515,.0005147,-29.21,1110,.0002895,129.88,0
41315.3579495,44.8026293516,6790.55,.00025895,154.27,0,41285.6058884,44.9447870255,41286.017813,44.8467514515,.0007117,-21.67,1059,.0004029,158.94,0
41315.3610335,44.8026096821,6790.96,.0001622,168.38,0,41285.6056476,44.9447870255,41286.0174634,44.8467514515,.0005676,-10.44,1065,.0001668,172.48,0
41315.3642227,44.8025903702,6791.38,.00017365,144.76,0,41285.6052776,44.9447870255,41286.0172206,44.8467514515,.0005583,-27.16,1105,.0003422,152.31,0
41315.3671951,44.8025710583,6791.79,.0002293,165.84,0,41285.604998,44.9447870255,41286.0169295,44.8467514515,.0007127,-19.65,1060,.00037915,165.36,0
41315.3704369,44.8025510311,6792.215,.00016735,170.2,0,41285.6047533,44.9447870255,41286.0165939,44.8467514515,.0005346,-9.79,1080,.0001978,160.51,0
41315.3736365,44.802531004,6792.645,.0002802,140.28,0,41285.6043555,44.9447870255,41286.0162909,44.8467514515,.0006074,-32.4,1097,.00039255,141.09,0
41315.3768198,44.8025105,6793.085,.00018835,179.25,0,41285.6040433,44.9447870255,41286.0157831,44.8467514515,.0006928,-12.57,1037,.0003015,178.25,0
41315.3799622,44.802491188,6793.49,.0001644,165.65,0,41285.6037598,44.9447870255,41286.0156801,44.8467514515,.0004797,-13.16,1093,.00029915,133.06,0
41315.3831871,44.8024711609,6793.92,.00021385,142.11,0,41285.6035075,44.9447870255,41286.0152347,44.8467514515,.0006726,-28.54,1075,.0003841,164.18,0
41315.3864023,44.8024511337,6794.345,.00023985,170.9,0,41285.6030597,44.9447870255,41286.0149454,44.8467514515,.0006384,-9.17,1039,.00021865,158.9,0
41315.3897035,44.802431941,6794.755,.0001131,157.61,0,41285.6027716,44.9447870255,41286.0145422,44.8467514515,.0004784,-22.5,1105,.00031885,147.7,0
41315.3925365,44.8024125099,6795.165,7.46E-5,156.44,0,41285.6026007,44.9447870255,41286.0143129,44.8467514515,.0006722,-26.88,1071,.00033395,141.11,0
41315.3944553,44.802393198,6795.575,3.84E-5,175.75,0,41285.6024164,44.9447870255,41286.0141356,44.8467514515,.0005665,-20.46,1080,.00028615,144.35,0
41315.3951862,44.8023736477,6796.005,1.425E-5,-175.83,0,41285.6023743,44.9447870255,41286.0141725,44.8467514515,.0004567,-42.93,1166,.0002063,118.73,0
41315.3956415,44.8023538589,6796.42,2.125E-5,79.72,0,41285.6022481,44.9447870255,41286.0141649,44.8467514515,.0006071,-40.54,1163,.00024105,131.45,0
41315.3959001,44.802334547,6796.835,2.89E-5,147.29,0,41285.6020953,44.9447870255,41286.0141747,44.8467514515,.0004511,-32.44,1231,.0001612,148.37,0
41315.3962105,44.8023121357,6797.305,2.005E-5,141.32,0,41285.6021176,44.9447870255,41286.0143027,44.8467514515,.0004783,-50.85,1327,.00011575,83.38,0
41315.3963641,44.8022928238,6797.725,4.67E-5,140.19,0,41285.6020264,44.9447870255,41286.0142911,44.8467514515,.0005474,-42.55,1354,.0001898,116.87,0
41315.3965331,44.8022732735,6798.135,1.61E-5,65.66,0,41285.6019687,44.9447870255,41286.0143491,44.8467514515,.0004014,-42.03,1463,9.675E-5,107.02,0
41315.3967976,44.8022508621,6798.615,3.085E-5,109.64,0,41285.6019106,44.9447870255,41286.0141838,44.8467514515,.0005337,-54.7,1544,.0001247,98.62,0

41315.3969139,44.8022344112,6799.025,7.3E-6,86.87,0,41285.6019228,44.9447870255,41286.0143259,44.8467514515,.0005092,-39.23,1595,.0001332,101.79,0
41315.3970883,44.8022062778,6799.49,1.05E-5,179.86,0,41285.6018115,44.9447870255,41286.0144716,44.8467514515,.0003223,-56.61,1772,4.48E-5,48.82,0
41315.3983788,44.8019901514,6799.965,2.26E-5,143.66,0,41285.6013008,44.9447870255,41286.0146803,44.8467514515,.0002495,-65.13,2198,1.985E-5,120.57,0
41315.3997041,44.8017730713,6800.44,4.15E-6,-169.57,0,41285.60086,44.9447870255,41286.0144916,44.8467514515,.0001374,-37.31,3065,2.185E-5,-80.31,0
41315.4008844,44.8015575409,6800.91,1.32E-5,25.84,0,41285.6005447,44.9447870255,41286.0146408,44.8467514515,.0001682,-57.78,5190,4.02E-5,-66.49,0
41315.401989,44.8013448715,6801.375,9.95E-6,26.31,0,41285.5996104,44.9447870255,41286.0146983,44.8467514515,.0003792,-57.98,6421,4.15E-6,-2.07,0
41315.4030006,44.8011293411,6801.84,1.21E-5,120.09,0,41285.5994089,44.9447870255,41286.0148196,44.8467514515,.0003582,-59.04,7363,1.1E-5,93.37,0
41315.403933,44.8009148836,6802.31,2.225E-5,121.42,0,41285.5992004,44.9447870255,41286.0149229,44.8467514515,.0004605,-67.4,8151,1.265E-5,101.93,0
41315.4049806,44.8006994724,6802.78,7.9E-6,70.77,0,41285.5988138,44.9447870255,41286.0153114,44.8467514515,.0003222,-46.26,9228,1.57E-5,-58.91,0
41315.4059027,44.8004866838,6803.245,3.4E-5,50.51,0,41285.5983154,44.9447870255,41286.0154083,44.8467514515,.0004415,-60.95,10514,3.715E-5,63.95,0
41315.4068341,44.8002690077,6803.72,1.53E-5,102.63,0,41285.5974925,44.9447870255,41286.0156398,44.8467514515,.0003963,-52.72,11500,1.12E-5,75.32,0
41315.4076451,44.8000537157,6804.195,2.55E-6,-169.99,0,41285.5972578,44.9447870255,41286.0157007,44.8467514515,.0003604,-41.64,13108,1.285E-5,69.75,0
41315.4084518,44.7998341322,6804.67,1.89E-5,98.8,0,41285.596716,44.9447870255,41286.0157202,44.8467514515,.0005259,-61.82,13864,2.08E-5,50.89,0
41315.4092345,44.7996193171,6805.135,1.09E-5,133.52,0,41285.5957947,44.9447870255,41286.0159518,44.8467514515,.0004114,-46.27,14892,3.9E-6,68.47,0
41315.4099603,44.7994018793,6805.61,1.005E-5,85.88,0,41285.5960574,44.9447870255,41286.0158109,44.8467514515,.000371,-40.17,16774,9.6E-6,111.16,0
41315.4107384,44.7991862297,6806.085,9.95E-6,93.16,0,41285.5948621,44.9447870255,41286.0161488,44.8467514515,.0005633,-56.42,17434,7.1E-6,-25.84,0
41315.4115393,44.7989692688,6806.555,1.015E-5,108.88,0,41285.5945468,44.9447870255,41286.0162624,44.8467514515,.0004415,-42.98,18574,1.005E-5,-73.24,0
41315.4122578,44.7987538576,6807.02,1.535E-5,120.35,0,41285.5944086,44.9447870255,41286.0163731,44.8467514515,.0005366,-49.26,19535,2.91E-5,89.9,0
41315.414176,44.7985385656,6807.495,1.675E-5,-134.21,0,41285.5884808,44.9447870255,41286.0129401,44.8467514515,9.09E-5,-16.91,17023,1.915E-5,-126.03,0
41315.4153938,44.7983213663,6807.965,1.735E-5,-15.25,0,41285.5881749,44.9447870255,41286.0127068,44.8467514515,.0001799,-22.77,33757,1.56E-5,-15.88,0
41315.4160078,44.7981035709,6808.445,3.E-5,-35.05,0,41285.5879659,44.9447870255,41286.0127612,44.8467514515,.0003953,-29.1,42857,3.155E-5,-54.61,0
41315.4165701,44.7978863716,6808.915,7.75E-6,52.98,0,41285.5885396,44.9447870255,41286.0126634,44.8467514515,.001078,-72.1,27515,4.3E-6,-117.45,0
41315.4171892,44.7976715565,6809.385,1.92E-5,55.47,0,41285.5887192,44.9447870255,41286.0125673,44.8467514515,.0003556,-31.58,32653,1.25E-5,-39.82,0

41315.4173546,44.7976391315,6809.86,1.57E-5,3,0,41285.5887306,44.9447870255,41286.0127464,44.8467514515,.0003699,-29.47,37231,3.52E-5,-45.03,0
41315.4174139,44.7976391315,6811.85,.0001841,110.24,0,41285.5885355,44.9447870255,41286.0126305,44.8467514515,1.5E-5,-45,38191,4.285E-5,21.42,0
41315.4174809,44.7976391315,6813.77,.0001148,112.82,0,41285.5886189,44.9447870255,41286.0125168,44.8467514515,1.5E-5,-45,32744,9.99E-5,104.13,0

41315.4175369,44.7976391315,6815.69,6.45E-5,112.21,0,41285.588945,44.9447870255,41286.0122455,44.8467514515,1.5E-5,-45,28074,8.675E-5,114.07,0
41315.4175562,44.7976685762,6816.115,4.6E-5,132.31,0,41285.5889182,44.9447870255,41286.0123398,44.8467514515,1.5E-5,-45,19231,6.5E-5,108.66,0
41315.417364,44.7978827953,6816.58,1.385E-5,34.17,0,41285.5938556,44.9447870255,41286.0087061,44.8467514515,1.5E-5,-45,12331,6.E-6,80.7,0
41315.4170053,44.7980958223,6817.045,7.9E-6,-41.42,0,41285.5940379,44.9447870255,41286.0086359,44.8467514515,1.5E-5,-45,7799,1.38E-5,-92.18,0
41315.4164592,44.7983082533,6817.51,1.035E-5,140.48,0,41285.5938977,44.9447870255,41286.0084796,44.8467514515,1.5E-5,-45,4897,1.1E-5,-180,0
41315.4159026,44.7985212803,6817.975,1.285E-5,15.44,0,41285.5940437,44.9447870255,41286.0083118,44.8467514515,1.037E-5,2.97,3617,1.55E-5,63.44,0
41315.4153085,44.7987322807,6818.435,1.795E-5,26.71,0,41285.5940562,44.9447870255,41286.0081934,44.8467514515,5.344E-6,-6.79,2597,8.2E-6,81.11,0
41315.4147307,44.7989448309,6818.9,1.515E-5,-1.13,0,41285.594124,44.9447870255,41286.0081763,44.8467514515,1.1522E-5,29.3,341,2.685E-5,4.27,0
41315.4141518,44.7991572618,6819.365,1.69E-5,-1.86,0,41285.5942032,44.9447870255,41286.0080064,44.8467514515,1.10025E-5,-141.75,10,1.335E-5,79.76,0
41315.4136563,44.7993510962,6819.785,1.09E-5,-172.65,0,41285.5941534,44.9447870255,41286.0080688,44.8467514515,1.5E-5,-49.89,10,7.85E-6,164.21,0
41315.4131235,44.7995460033,6820.21,7.85E-6,66.92,0,41285.5941093,44.9447870255,41286.007793,44.8467514515,4.1575E-6,53.93,10,7.55E-6,74.86,0
41315.4125436,44.7997364998,6820.625,5.95E-6,-178.8,0,41285.5939983,44.9447870255,41286.0076974,44.8467514515,1.3919E-5,145.93,10,9.4E-6,27.24,0
41315.4119899,44.7999299765,6821.05,4.95E-6,-179.42,0,41285.594239,44.9447870255,41286.0075508,44.8467514515,4.7905E-6,-151.4,10,6.45E-6,156.92,0
41315.4114226,44.8001246452,6821.475,2.6E-6,-126.43,0,41285.594312,44.9447870255,41286.0074997,44.8467514515,1.484E-6,102.36,10,9.65E-6,-105.25,0
41315.4108551,44.8003171682,6821.89,4.7E-6,-141.44,0,41285.5944829,44.9447870255,41286.0074089,44.8467514515,8.991E-6,-35.57,10,1.14E-5,-166.79,0
41315.4102702,44.8005087376,6822.315,3.7E-6,18.67,0,41285.5945526,44.9447870255,41286.0073616,44.8467514515,9.7695E-6,165.48,10,2.2E-6,-174.75,0

41315.4096602,44.8006739616,6822.735,1.31E-5,110.75,0,41285.5953857,44.9447870255,41286.0071312,44.8467514515,5.1775E-6,-115.34,10,9.4E-6,-173.58,0
41315.4095924,44.8006739616,6824.645,2.225E-5,16.56,0,41285.5957205,44.9447870255,41286.0070206,44.8467514515,1.27085E-5,17.28,10,1.485E-5,26.65,0
41315.4096301,44.8006739616,6826.565,1.235E-5,7.55,0,41285.5958376,44.9447870255,41286.0066454,44.8467514515,1.123E-5,50.95,10,3.9E-6,-45,0

41315.4096216,44.8006739616,6828.49,1.505E-5,25.91,0,41285.5957489,44.9447870255,41286.0064563,44.8467514515,1.5E-5,21.04,10,1.47E-5,69.01,0
41315.4096046,44.8007031679,6828.915,2.705E-5,-108.6,0,41285.595938,44.9447870255,41286.0062164,44.8467514515,1.5E-5,6.58,10,1.35E-5,-127.04,0
41315.4091052,44.8008944988,6829.335,1.21E-5,-22.17,0,41285.5960623,44.9447870255,41286.0062558,44.8467514515,1.5E-5,-7.59,10,1.65E-6,-70.23,0
41315.4084613,44.8010867834,6829.75,1.36E-5,82.53,0,41285.5971872,44.9447870255,41286.0064059,44.8467514515,1.5E-5,-83.06,10,7.3E-6,56.91,0
41315.4077893,44.8012770414,6830.165,6.1E-6,15.78,0,41285.5978951,44.9447870255,41286.0063474,44.8467514515,1.5E-5,-25.48,10,9.5E-6,20.91,0
41315.4070773,44.8014705181,6830.585,1.35E-5,123.07,0,41285.599088,44.9447870255,41286.0065622,44.8467514515,1.5E-5,-45,10,6.7E-6,167.82,0
41315.4063274,44.801661849,6831.005,9.4E-6,124.62,0,41285.6000314,44.9447870255,41286.0067787,44.8467514515,1.5E-5,-45,10,3.2E-6,-127.68,0
41315.4055724,44.8018535376,6831.425,1.46E-5,-100.14,0,41285.6011116,44.9447870255,41286.0072874,44.8467514515,1.5E-5,-45,10,1.23E-5,-97.59,0
41315.4046593,44.8020458221,6831.84,2.38E-5,-169.6,0,41285.601683,44.9447870255,41286.0092003,44.8467514515,1.5E-5,-45,10,2.9E-5,-68.63,0
41315.4034299,44.802236557,6832.255,1.22E-5,140.06,0,41285.6021155,44.9447870255,41286.012424,44.8467514515,1.5E-5,-45,10,.0001605,69.81,0
41315.4007687,44.8024305105,6832.685,.00029785,154.2,0,41285.6029173,44.9447870255,41286.0159811,44.8467514515,1.5E-5,-45,10,.00040525,166.26,0
41315.375583,44.8026235104,6833.1,.0002372,169.38,0,41285.6057222,44.9447870255,41286.0191035,44.8467514515,1.5E-5,-45,10,.0002085,156.99,0
41315.3467377,44.8028155565,6833.52,.0001925,157.47,0,41285.6086613,44.9447870255,41286.0224748,44.8467514515,1.5E-5,-45,10,.00039955,156.17,0
